 -5.2165894e-001  3.6376873e-001  0
 -9.9309810e-001 -2.9594913e-001  1
  2.0833449e+000  1.4834099e+000  1
 -8.6646163e-001  1.6687886e-001  0
 -1.1829178e+000 -7.5403263e-002  0
 -4.5445441e-001  2.6832580e-001  0
  3.9569774e-001  1.5864040e+000  1
 -5.8115329e-001 -1.6755800e-001  0
 -1.2320556e+000 -1.4009386e-001  0
 -2.6805812e-001  8.0049207e-001  1
  3.8122783e-001  8.0885841e-001  1
 -6.3770372e-001  9.4719905e-001  1
 -7.8623301e-001  7.2891177e-001  0
  1.5718121e+000  1.8058036e+000  1
 -1.2415232e+000 -1.6175324e-001  0
 -3.3864072e-001  3.2245457e-001  0
 -1.1541812e+000  4.1783502e-001  0
 -5.7417377e-001  4.9435020e-001  0
 -1.2382909e-001  6.7248471e-001  1
 -2.9918145e-001  1.2464482e+000  1
 -2.8133548e-002  6.5313897e-001  1
  1.2746685e+000  1.4932512e+000  1
 -9.3862532e-001  7.5981012e-001  0
  1.9175852e+000  2.1090940e+000  1
 -3.5030233e-001  4.7106256e-001  1
  5.8483838e-001  7.5551640e-001  1
 -7.6200210e-002  1.4336914e+000  1
 -1.4731280e+000 -4.7724498e-001  0
  4.6000722e-001  3.0054560e-001  1
 -8.4983956e-001  9.6256388e-002  0
  3.5021206e-001  7.2083936e-001  1
 -1.4283843e-001  1.0205450e+000  1
  1.2323577e+000  1.5130148e+000  1
  3.6486938e-001  1.0798371e+000  1
  7.0025045e-001  1.2972146e+000  1
 -5.3196268e-001  6.7469234e-001  1
  1.5350369e-001  9.6384090e-001  1
 -8.2088583e-001  7.4542708e-002  0
  4.0007275e-001  1.0114189e+000  1
  2.2717333e-001  1.5542694e+000  1
 -9.0362626e-001 -5.8245610e-001  0
 -4.9339716e-002  1.0552866e+000  1
  5.7800587e-002  1.4133610e+000  1
 -1.2998524e+000  2.3952677e-001  0
 -2.9805077e-001  7.2996803e-001  1
  3.7210060e-001  7.7540159e-001  1
 -1.2713954e+000  2.0768209e-001  0
 -2.9937033e-001 -1.3063048e-002  1
 -8.1820991e-001  1.3095008e+000  1
  4.9574776e-001  1.5178388e+000  1
  4.8537376e-001  1.2665405e+000  1
 -1.7379797e+000 -5.4759661e-001  0
 -3.1130932e-001  1.3818723e+000  1
 -4.5822790e-001 -2.8518757e-001  0
  1.1696268e-001  7.6898935e-001  1
  1.3290543e-001  9.7577922e-001  1
 -1.7837445e+000  1.5483126e-001  1
  7.2354333e-001  1.3048868e+000  1
  6.1646265e-001  1.1671774e+000  1
  1.0644187e+000  1.4726280e+000  1
 -7.4157550e-001  2.0914512e-001  1
 -5.5933549e-001 -2.1437119e-001  0
  9.7195663e-002  1.4308790e+000  1
 -1.2158573e+000  8.2995174e-001  0
 -1.0957696e+000  1.6914276e-001  0
 -7.0056536e-001  4.1465506e-002  0
  3.3324595e-001  1.1859359e+000  1
  7.5519674e-001  1.6411068e+000  1
 -1.3685553e+000  6.5004523e-001  0
  7.5476438e-002  4.8761899e-001  1
  2.2503807e-001  1.2694235e+000  1
 -4.0333074e-001  2.2462170e-001  1
 -1.0677469e+000 -5.5009869e-001  0
 -4.6016945e-001 -4.2108910e-001  0
 -3.2978413e-001  2.6308429e-001  1
 -5.8021493e-001  1.4690643e+000  1
 -1.2393364e+000  3.5162219e-001  0
  1.0139178e+000  1.6085221e+000  1
 -1.1960143e+000 -4.6968056e-002  0
 -1.3360387e+000  9.3324503e-001  0
 -2.6810974e-001  1.0821110e+000  1
 -1.8251066e+000  9.9339180e-002  0
 -4.7093799e-003  8.3965098e-001  1
 -8.8734230e-001  7.8446191e-002  0
 -4.2919160e-001  5.0550285e-001  1
  9.3936449e-003  6.3625399e-001  1
 -2.6679147e-001  6.7030366e-001  1
 -3.2276571e-001  7.7973538e-003  1
 -1.4727143e+000 -2.7539006e-001  0
  7.5763707e-001  1.3974267e+000  1
 -9.8497306e-001  6.3054230e-001  0
  1.8903231e-001  1.3292879e+000  1
 -1.2008569e+000  2.6915545e-001  0
 -1.3410029e+000  2.2924507e-001  0
 -6.3939118e-001  1.3175255e+000  1
 -1.4081959e+000 -4.7434206e-001  0
 -2.6034609e-001  1.0769116e+000  1
 -8.2311135e-001 -3.5799433e-001  0
  4.9379681e-001  1.2592915e+000  1
  1.0691555e+000  6.7856294e-001  1
