  4.6276579e-001  3.3911074e-001  1
  7.7908898e-001  8.9443642e-001  1
  6.7501053e-002  8.4625739e-001  1
 -4.8451486e-002  1.4216457e-001  1
 -5.2952446e-001  7.9244078e-001  1
  4.4115553e-001  1.7358759e+000  1
 -4.8046560e-001  9.3016045e-001  1
  5.9796131e-001  1.1379732e+000  1
 -7.5973725e-001 -4.2409097e-001  0
 -1.1913016e+000  4.9450105e-001  0
 -1.1021436e+000  4.5528310e-001  1
  3.6180532e-002  2.0388541e-002  1
 -6.5510739e-001  9.8791654e-002  0
  5.0072252e-001  1.0309235e+000  1
 -6.7796810e-001  7.7724123e-003  0
 -1.3594111e+000 -3.8038535e-001  0
  4.9666385e-001  1.4794782e+000  1
  6.0617197e-002  1.0103810e+000  1
 -1.0648637e+000 -2.6959240e-001  0
 -5.1799658e-001  2.9412364e-001  0
 -7.7900845e-001 -2.9181411e-002  1
 -6.7744169e-001  2.8257655e-002  0
 -1.1273120e+000  2.2360497e-001  0
 -1.6512253e+000 -9.7137286e-002  0
  3.5304186e-001  7.3417700e-002  1
  7.2921246e-002  9.4921414e-001  1
 -1.4650862e+000 -5.4596733e-001  0
  1.0167028e+000  7.8689323e-001  1
  3.8438157e-001  1.4821135e+000  1
 -4.6490570e-001 -3.6171316e-001  0
 -1.2876996e+000 -8.3767412e-001  0
 -1.4426929e+000 -2.1599705e-001  0
  2.1677106e-001  1.3394209e+000  1
 -3.2624284e-001  6.2659572e-001  1
 -7.7417157e-001  1.1553624e+000  1
  3.9797511e-001  1.2438182e+000  1
  6.1158638e-001  1.2766851e+000  1
  1.1787037e+000  1.5504803e+000  1
  8.6455185e-001  1.8824096e+000  1
  4.0909606e-003 -1.0836296e+000  0
 -5.7980194e-001  1.6081311e+000  1
  9.6206122e-001  1.1785282e+000  1
 -2.1626376e+000 -1.6707796e-001  0
 -5.1809181e-001 -8.3807519e-002  0
 -4.2129620e-001  5.0549831e-001  0
 -5.0170838e-001  5.6199167e-002  1
  5.3481900e-001  1.7167429e+000  1
 -1.1233287e+000 -8.0390213e-001  0
 -8.3006003e-001  2.9913952e-001  0
 -1.1016908e+000 -2.4981065e-001  0
 -6.9394649e-001  2.2890898e+000  1
 -4.4253739e-001  4.5202666e-002  0
 -8.7517267e-003  3.3518921e-001  1
 -2.8781238e-001  4.2153560e-001  1
 -7.5364685e-001  1.1442532e+000  1
 -7.6365450e-001 -1.2358570e-001  0
 -1.1817016e+000 -1.7990190e-001  0
 -1.2254893e+000  8.7642381e-002  0
  5.2481342e-001  1.0837514e+000  1
  1.1854326e-001  9.1171584e-001  1
  6.0464051e-002  9.7376407e-001  1
 -4.7335714e-001 -1.0801134e-001  0
 -3.4151809e-002  1.0105926e+000  1
 -3.2041599e-001  2.9614755e-001  1
 -1.1111079e+000  7.9699070e-002  1
 -9.3073240e-001  1.7137635e-001  0
 -3.0988617e-001  8.3885082e-001  1
 -7.9479994e-002  3.6029383e-001  0
 -8.7595098e-001  1.5655363e+000  1
 -2.5094319e-001 -4.7292041e-001  0
  1.1914181e-003  8.0855215e-001  1
 -1.6763075e+000 -2.3438822e-001  0
  1.7598732e-001  7.9076975e-001  1
 -2.4457800e-001  1.0322559e+000  1
 -9.3918348e-001 -4.2183854e-001  0
 -7.4094054e-001  5.6713067e-001  0
 -7.6747220e-001 -7.7871984e-002  0
  1.9290246e-001  3.7918096e-001  1
  1.0700814e+000  1.0515165e+000  1
 -1.0159904e+000 -5.5539580e-001  0
  7.3043513e-001  1.5182499e+000  1
 -1.2630447e+000  1.0287132e+000  0
 -5.6107411e-001  1.7364157e+000  1
 -9.0276323e-001  5.1489552e-001  0
 -7.0323337e-001 -1.7589225e-001  0
  2.6960126e-001  1.2424635e+000  1
 -5.2324177e-001  9.5922235e-002  1
 -8.6893885e-001 -3.3950203e-001  0
  3.3144154e-001  8.6899416e-001  1
 -1.0827804e+000  1.6202743e-001  0
  5.5511595e-001  3.4910368e-001  1
 -3.3478478e-001  1.0553340e+000  1
 -3.9691992e-001  5.1725292e-001  0
  1.0758273e-001  1.1305424e+000  1
 -3.7194601e-002  1.3680631e+000  1
 -3.3968183e-002  4.8894744e-001  1
 -1.1876988e+000 -4.2505284e-002  0
 -1.5159224e+000 -1.5320798e-001  1
 -2.8900112e-001  9.9111406e-001  1
 -1.4548218e+000 -6.2286810e-001  0
  8.9359344e-001  9.7467448e-001  1
 -1.1083453e+000  1.4274395e+000  1
  3.7342463e-002  1.2411940e+000  1
  5.0622006e-002  9.9618534e-001  1
  2.8078909e-001  6.5639996e-001  1
 -6.3287196e-001 -2.2455591e-001  0
 -1.3989768e+000  6.4793841e-002  0
 -1.0581451e+000  4.9230107e-001  0
 -7.5492960e-001  4.3704671e-001  1
  3.1874416e-001  1.3647276e+000  1
  2.7135251e-001  7.9474849e-001  1
 -1.1867761e+000  4.1462226e-001  0
  6.3689730e-001  2.0557524e+000  1
  3.7937111e-001  5.4457664e-001  1
 -1.1093859e+000  8.1698547e-002  0
 -6.8312921e-001 -2.3763057e-001  0
  1.4224186e-001  6.7182970e-001  1
 -1.0062829e+000 -1.7458996e-001  0
 -8.8490115e-001 -6.6680482e-001  0
 -3.7907506e-001  1.1429927e+000  1
 -9.5831050e-001 -3.4579073e-001  0
  1.2988197e-001  1.1472160e+000  1
  1.2512914e-001  1.1817329e+000  1
  5.1329017e-001  1.0370920e+000  1
 -1.4834770e-001  4.1506922e-001  1
  3.5871611e-001  4.6214147e-001  1
 -7.4429325e-001  1.5858276e+000  1
 -1.7000505e-002  1.0067631e+000  1
 -1.2608262e+000  2.4947895e-002  0
  2.4596264e-001  1.7646728e+000  1
  3.4787966e-001  1.1748793e+000  1
 -1.0021387e+000  5.0201164e-001  0
 -8.2865445e-001  2.2853372e-001  0
 -2.7831500e-001  5.3303907e-001  1
 -1.1351542e+000 -1.9431439e-002  0
 -1.7575648e+000  9.3692325e-001  1
  1.0803470e+000  1.1979982e+000  1
  3.5980826e-001  1.0170496e+000  1
  5.1434150e-001  1.6675752e+000  1
 -8.3530114e-001  1.7469946e-001  0
  8.2106698e-001  6.2956457e-001  1
 -2.2051957e-001  1.0769868e+000  1
 -4.1406540e-001  1.7514827e-001  0
 -6.2640710e-001  6.6499097e-001  0
 -1.0548845e-001  4.1027162e-001  1
 -1.0110511e+000  8.7402365e-001  0
 -6.8622609e-001  2.6292644e-001  0
  9.4150562e-001  2.0899157e+000  1
  5.7949562e-001  1.1406400e+000  1
  7.9995230e-001  1.3330250e+000  1
 -2.4324616e-001 -9.7068828e-001  1
 -1.2421909e+000 -1.5361275e-001  0
 -1.9079716e+000  6.2761601e-002  0
 -1.2465476e+000  2.6481166e-001  0
  9.1042092e-001  1.6436865e+000  1
 -1.0669419e+000 -7.3824319e-001  0
 -7.1791496e-001  2.2798393e-001  1
  9.5404133e-001  8.8526807e-001  1
 -7.9445557e-002  8.5665730e-001  1
  5.0490724e-001  1.3186184e+000  1
 -1.5170399e+000  5.5334095e-001  0
 -9.5817578e-001  1.2299307e+000  1
 -1.7866558e-001  7.6677192e-001  1
 -2.6116818e-001  1.7199316e+000  1
 -5.9135557e-001 -2.1330445e-001  0
 -1.2399261e-001  1.9122651e-001  1
 -2.9042446e-001  1.3325831e+000  1
  1.6972770e-001  6.5314948e-001  1
  2.8743170e-001  3.5179722e-001  1
 -8.9268770e-001 -1.1802838e-001  0
 -9.5092430e-001  1.3629593e-001  1
  2.0427288e-001  8.7199651e-001  1
 -8.7694879e-001  3.5543764e-001  0
  4.9604069e-001  1.4274808e+000  1
 -9.7689309e-001  4.4811578e-001  0
 -7.0639373e-001  6.6799371e-002  1
 -6.5280304e-001  1.2921439e-001  0
 -6.1019900e-001  7.8192406e-001  1
  7.3022083e-001  8.8035577e-001  1
 -8.8673685e-001 -5.5093787e-001  0
 -9.9940481e-001 -2.4263769e-001  0
 -1.2772887e+000 -2.4296715e-001  0
 -1.1051085e+000 -4.2361704e-001  0
 -1.6522136e-001  6.5214584e-001  1
 -4.8276828e-001 -3.4884192e-001  1
  4.3593848e-001  3.7685824e-001  1
 -4.7851492e-001  1.0446802e+000  1
 -2.7692158e-001  1.0178332e+000  1
 -1.2805676e+000 -2.9790071e-001  0
 -9.3921658e-001  1.0663693e+000  1
  7.4071536e-001  6.0508716e-001  1
 -8.9407549e-001 -7.9295062e-002  0
  5.9748306e-001  1.8246387e+000  1
 -1.2760483e+000  3.6075383e-001  0
 -4.6940965e-001  1.3161913e+000  1
 -3.9198029e-001  9.7145550e-001  1
 -6.9444297e-001  7.4910356e-004  1
 -1.8410704e+000 -5.0162064e-001  0
  1.0629101e-001  1.0811462e+000  1
 -5.0887699e-001  1.8236101e-001  0
  5.8699081e-001  1.3648004e+000  1
 -9.0209190e-001  6.8231071e-001  1
 -8.7301499e-001  1.6993151e-001  1
 -7.1724712e-001  2.1731610e-001  0
  5.2557230e-001  1.1746391e+000  1
 -3.0511537e-001  1.1059930e+000  1
  2.0241414e-001  2.3069243e-001  1
 -4.5162309e-002  1.3538162e+000  1
  8.6846763e-001  1.9036543e+000  1
  1.1286226e+000  1.4642265e+000  1
 -7.4405774e-001  8.5801461e-001  1
 -1.4428962e+000 -6.4411299e-001  0
 -1.9928401e-002  9.8504291e-001  1
 -5.6298181e-002  1.2661129e+000  1
 -8.0973642e-001  5.7931119e-002  0
 -6.9571729e-001  1.6032600e+000  1
  5.3117017e-001  5.9262909e-001  1
 -9.1393568e-002  1.0154199e+000  0
 -9.8045240e-001 -2.4925128e-001  0
 -5.5608851e-001  1.3846189e-001  1
 -4.9191275e-002  6.0524079e-001  1
 -1.3029481e+000 -2.0128742e-001  0
 -1.1305092e+000 -6.9335569e-001  0
 -4.7706586e-001  1.8869150e+000  1
 -3.5556085e-001 -2.6644504e-002  0
 -1.8695446e+000 -9.3521291e-001  0
 -8.1804808e-001 -3.6012170e-001  0
 -1.7590564e-001  1.7448093e+000  1
  3.7279326e-001  1.4522528e+000  1
 -1.2666197e+000  4.4620328e-001  0
 -9.2168193e-001  2.4295592e-001  0
 -2.9807660e-001  1.1938907e+000  1
  5.1633827e-001  1.0822939e+000  1
  3.7824517e-001  6.8931278e-001  1
  6.5632821e-001  1.2401207e+000  1
 -2.9223420e-001  4.1689098e-001  1
  1.4994165e-001  1.0714915e+000  1
  2.6155054e-001  8.5356834e-001  1
  2.0604997e-001  1.6854070e+000  1
  6.2051953e-001  5.3400205e-001  1
 -8.2431971e-001  5.1596916e-001  0
 -4.7529828e-001  8.5336346e-001  1
 -9.1359461e-001 -3.1420829e-001  0
 -1.0010856e-001  1.2755710e+000  1
 -8.3212639e-002  8.3378701e-001  1
 -1.1393284e+000  5.4170042e-001  1
 -9.7237123e-001  8.5762551e-002  0
  2.0538943e-001  1.0430414e+000  1
 -4.8533412e-002  5.3275897e-001  1
 -1.7599588e+000 -9.1269106e-001  0
